-300 0
-299 0
-298 0
-297 0
-296 0
-295 0
-294 0
-293 0
-292 0
-291 0
-290 0
-289 0
-288 0
-287 0
-286 0
-285 0
-284 0
-283 0
-282 0
-281 0
-280 0
-279 0
-278 0
-277 0
-276 0
-275 0
-274 0
-273 0
-272 0
-271 0
-270 0
-269 0
-268 0
-267 0
-266 0
-265 0
-264 0
-263 0
-262 0
-261 0
-260 0
-259 0
-258 0
-257 0
-256 0
-255 0
-254 0
-253 0
-252 0
-251 0
-250 0
-249 0
-248 0
-247 0
-246 0
-245 0
-244 0
-243 0
-242 0
-241 0
-240 0
-239 0
-238 0
-237 0
-236 0
-235 0
-234 0
-233 0
-232 0
-231 0
-230 1
-229 0
-228 0
-227 0
-226 0
-225 0
-224 0
-223 0
-222 0
-221 0
-220 0
-219 1
-218 1
-217 0
-216 0
-215 0
-214 0
-213 0
-212 0
-211 0
-210 1
-209 1
-208 0
-207 0
-206 0
-205 0
-204 0
-203 0
-202 0
-201 0
-200 1
-199 2
-198 0
-197 0
-196 0
-195 1
-194 0
-193 4
-192 1
-191 0
-190 3
-189 1
-188 0
-187 2
-186 1
-185 3
-184 2
-183 1
-182 5
-181 3
-180 5
-179 2
-178 8
-177 5
-176 6
-175 5
-174 5
-173 8
-172 7
-171 7
-170 6
-169 7
-168 6
-167 13
-166 16
-165 11
-164 17
-163 19
-162 13
-161 14
-160 19
-159 18
-158 14
-157 22
-156 20
-155 20
-154 28
-153 18
-152 25
-151 21
-150 21
-149 32
-148 32
-147 34
-146 45
-145 39
-144 43
-143 35
-142 46
-141 47
-140 45
-139 52
-138 57
-137 50
-136 54
-135 65
-134 55
-133 72
-132 77
-131 78
-130 89
-129 72
-128 100
-127 90
-126 108
-125 99
-124 107
-123 113
-122 115
-121 124
-120 146
-119 136
-118 151
-117 152
-116 172
-115 169
-114 171
-113 188
-112 223
-111 177
-110 209
-109 232
-108 237
-107 251
-106 258
-105 225
-104 247
-103 280
-102 311
-101 302
-100 356
-99 359
-98 340
-97 371
-96 386
-95 377
-94 427
-93 424
-92 469
-91 492
-90 492
-89 512
-88 531
-87 544
-86 565
-85 541
-84 574
-83 623
-82 647
-81 620
-80 662
-79 687
-78 699
-77 745
-76 807
-75 746
-74 849
-73 836
-72 835
-71 883
-70 854
-69 978
-68 1020
-67 985
-66 1030
-65 1014
-64 1102
-63 1067
-62 1096
-61 1117
-60 1147
-59 1178
-58 1238
-57 1241
-56 1280
-55 1344
-54 1322
-53 1338
-52 1438
-51 1493
-50 1383
-49 1522
-48 1477
-47 1583
-46 1627
-45 1600
-44 1619
-43 1610
-42 1673
-41 1673
-40 1749
-39 1703
-38 1799
-37 1832
-36 1816
-35 1800
-34 1922
-33 1889
-32 1942
-31 1974
-30 1900
-29 1983
-28 1936
-27 2026
-26 2062
-25 2106
-24 2175
-23 2076
-22 2198
-21 2165
-20 2198
-19 2255
-18 2235
-17 2203
-16 2224
-15 2273
-14 2359
-13 2341
-12 2310
-11 2436
-10 2341
-9 2395
-8 2457
-7 2380
-6 2314
-5 2414
-4 2307
-3 2401
-2 2263
-1 2414
0 2423
1 2431
2 2447
3 2382
4 2409
5 2455
6 2341
7 2390
8 2404
9 2375
10 2413
11 2295
12 2349
13 2316
14 2396
15 2326
16 2218
17 2239
18 2249
19 2195
20 2226
21 2249
22 2270
23 2080
24 2112
25 2007
26 2046
27 2076
28 2095
29 2014
30 1913
31 1992
32 1905
33 1962
34 1914
35 1871
36 1734
37 1801
38 1788
39 1719
40 1692
41 1693
42 1726
43 1611
44 1667
45 1599
46 1616
47 1512
48 1537
49 1441
50 1403
51 1395
52 1413
53 1362
54 1362
55 1359
56 1320
57 1292
58 1154
59 1227
60 1111
61 1158
62 1093
63 1133
64 1055
65 1002
66 985
67 939
68 975
69 895
70 933
71 921
72 818
73 807
74 846
75 808
76 739
77 738
78 755
79 672
80 699
81 682
82 625
83 603
84 568
85 544
86 559
87 486
88 504
89 447
90 482
91 454
92 432
93 445
94 401
95 385
96 384
97 370
98 350
99 350
100 331
101 339
102 328
103 272
104 257
105 281
106 243
107 249
108 227
109 238
110 215
111 195
112 190
113 197
114 185
115 171
116 151
117 143
118 147
119 144
120 145
121 116
122 143
123 93
124 109
125 122
126 103
127 89
128 98
129 93
130 81
131 76
132 65
133 81
134 65
135 46
136 62
137 49
138 39
139 57
140 39
141 34
142 49
143 45
144 33
145 38
146 27
147 36
148 23
149 20
150 24
151 24
152 22
153 19
154 23
155 15
156 7
157 22
158 18
159 16
160 11
161 11
162 4
163 9
164 12
165 12
166 9
167 9
168 7
169 3
170 11
171 8
172 10
173 7
174 4
175 2
176 3
177 4
178 1
179 3
180 4
181 5
182 5
183 1
184 2
185 2
186 1
187 2
188 2
189 3
190 2
191 1
192 1
193 2
194 1
195 3
196 3
197 0
198 4
199 1
200 2
201 1
202 0
203 0
204 1
205 1
206 0
207 1
208 1
209 1
210 0
211 0
212 0
213 0
214 0
215 0
216 0
217 0
218 0
219 1
220 0
221 0
222 0
223 0
224 0
225 0
226 0
227 0
228 0
229 0
230 0
231 0
232 1
233 0
234 1
235 0
236 0
237 0
238 0
239 0
240 0
241 0
242 0
243 0
244 0
245 0
246 0
247 0
248 0
249 0
250 0
251 0
252 0
253 0
254 0
255 0
256 0
257 0
258 0
259 0
260 0
261 0
262 0
263 0
264 0
265 0
266 0
267 0
268 0
269 0
270 0
271 0
272 0
273 0
274 0
275 0
276 0
277 0
278 0
279 0
280 0
281 0
282 0
283 0
284 0
285 0
286 0
287 0
288 0
289 0
290 0
291 0
292 0
293 0
294 0
295 0
296 0
297 0
298 0
299 0
300 0
